-1.5719907090869e+03
1.5779870505569e+04
2.6217747563839e+04
-2.8880243352070e+03
-4.5539575588323e+04
1.9729639420584e+04
8.7922981685586e+04
5.9178642491112e+05
-1.6312650627682e+03
1.8651836736666e+04
3.8985999915296e+05
2.8236266691724e+04
6.0898539929629e+03
4.8088702371721e+02
2.7501077843704e+03
-1.8284043885232e+04
-1.8026297741652e+04
-1.6430380326510e+04
2.2573480578482e+02
1.0917229905822e+04
8.4295555380253e+03
2.0076975721705e+03
5.6230675821943e+04
6.5992670769690e+04
-7.6634521179966e+04
1.3110876419274e+05
4.7264195568681e+03
1.5956987053856e+04
-8.0965322552729e+02
8.4646668092045e+03
-2.0340927059203e+02
1.2244087177419e+05
6.5092138848077e+04
1.8752127628611e+04
-6.8323077386512e+03
4.1703720948853e+02
-1.2820496132812e+06
1.1522235644151e+05
6.8226525016697e+03
3.6623061916232e+03
3.0460964646491e+04
1.8616126026213e+04
7.5806984684934e+04
-4.7795850110305e+05
