1.3789424042330e+06
4.0457731338505e+05
4.9941821400510e+05
5.2378575093340e+04
2.2583170483418e+06
1.6928643321256e+06
6.9728682926938e+05
1.0345202874297e+07
2.1806568800173e+04
1.9747168446732e+05
3.6119386933435e+06
3.1593414842511e+05
1.2998476382891e+06
2.4657910731790e+04
2.4767874654740e+05
2.6434875729981e+06
2.8002664930164e+06
2.1616481295290e+05
5.1052910339633e+04
1.2588832909764e+05
8.7697642462574e+05
2.1005695106579e+06
2.3604504843616e+05
1.9914593378620e+06
4.4682049621711e+06
1.3555261741333e+06
4.5798427389550e+04
6.0989002613053e+04
2.8766893034781e+04
1.2234051291344e+06
9.7677030233163e+03
8.2514621198919e+05
4.7588051335347e+05
5.1022762300109e+05
2.1509535815917e+05
1.8610552636597e+05
1.0217213856935e+07
1.7184944605720e+06
9.6705638743214e+04
4.5065171017253e+04
5.3227986344686e+05
7.4566191469420e+05
5.2909646650868e+05
1.7382960309383e+07
