.64319609,,0
.43169449,,0
.35996036,,0
.34108072,,0
.26206048,,0
.3329798,,0
.50108039,,0
.5334136,,0
.38274194,,0
.59672558,,0
.22165403,,0
.40257572,,0
.47377656,,0
.50140193,,0
.19052713,,0
.62910899,,0
.47599765,,0
.50632938,,0
.39198199,,0
.55200958,,0
.32085442,,0
.3195951,,0
.40333022,,0
.36083796,,0
.50963876,,0
.50432645,,0
.30674295,,0
.53920288,,0
.22387352,,0
.50421308,,0
.19640618,,0
.09716241,,0
.29170141,,0
.55967694,,0
.53959891,,0
.24315887,,0
.40915271,,0
.30006522,,0
.34631427,,0
.43277877,,0
.50145399,,0
.45372094,,0
.35082441,,0
.40455569,,0
.42857403,,0
.31630215,,0
.5592575,,0
.48990787,,0
.44791154,,0
.38174777,,0
.38375744,,0
.40726299,,0
.50480877,,0
.51707585,,0
.28474614,,0
.26916957,,0
.35586978,,0
.27957218,,0
.27600881,,0
.335467,,0
.31624008,,0
.46837127,,0
.33245396,,0
.64478441,,0
.51940834,,0
.13112206,,0
.21264298,,0
.47788755,,0
.47913681,,0
.54667856,,0
.39287005,,0
.49619222,,0
.4144762,,0
.23303405,,0
.47880277,,0
.27837252,,0
.3284317,,0
.36870063,,0
.55200303,,0
.42612726,,0
.36586753,,0
.29183954,,0
.53270191,,0
.55574065,,0
.06633308,,0
.28306043,,0
.3780026,,0
.37229205,,0
.3349723,,0
.30700589,,0
.42630363,,0
.37852356,,0
.41354256,,0
.49496331,,0
.50241999,,0
.40664724,,0
.49802634,,0
.44585284,,0
.61931966,,0
.45817356,,0
.51004145,,0
.36218363,,0
.4985163,,0
.40417061,,0
.41832325,,0
.47672044,,0
.53193777,,0
.23145465,,0
.44286393,,0
.50579846,,0
.26926494,,0
.47997472,,0
.61293779,,0
.71919857,,0
.51423177,,0
.33301552,,0
.31219574,,0
.44662822,,0
.3787631,,0
.48518727,,0
.36720972,,0
.59819082,,0
.35479631,,0
.51152682,,0
.19282474,,0
.35188155,,0
.57019654,,0
.26611613,,0
.50358074,,0
.32663029,,0
.52507829,,0
.32998634,,0
.56425024,,0
.389832,,0
.33508883,,0
.41541416,,0
.37031936,,0
.38479748,,0
.46884889,,0
.5241128,,0
.42251624,,0
.33659145,,0
.53797469,,0
.5763351,,0
.24782739,,0
.34668332,,0
.40845166,,0
.35464232,,0
.30061594,,0
.48679502,,0
.48924468,,0
.39490552,,0
.29999089,,0
.26528814,,0
.30952375,,0
.32621921,,0
.38556366,,0
.35856338,,0
.44467455,,0
.66930233,,0
.44278895,,0
.39844647,,0
.35976294,,0
.29148566,,0
.41260678,,0
.56180105,,0
.41200638,,0
.38251103,,0
.55254418,,0
.59183874,,0
.46650393,,0
.57392308,,0
.74398243,,0
.49053435,,0
.21959671,,0
.424718,,0
.43343438,,0
.2985937,,0
.50586919,,0
.46976678,,0
.49943595,,0
.43647745,,0
.56092458,,0
.44228802,,0
.43360595,,0
.44395914,,0
.53120967,,0
.27676844,,0
.39291358,,0
.25827994,,0
.19083377,,0
.21272051,,0
.51032228,,0
.39967442,,0
.60075587,,0
.45967971,,0
.3482095,,0
.42414099,,0
.45214731,,0
.51099396,,0
.34599144,,0
.51342118,,0
.4672917,,0
.31656393,,0
.33715913,,0
.5626194,,0
.29489993,,0
.44271361,,0
.41802537,,0
.59065766,,0
.36464157,,0
.49480809,,0
.42978345,,0
.19404242,,0
.43911984,,0
.43144169,,0
.52066589,,0
.44627782,,0
.49359857,,0
.29334805,,0
.42700811,,0
.49765096,,0
.22366033,,0
.3662816,,0
.44158501,,0
.42214687,,0
.3195509,,0
.50742689,,0
.52374757,,0
.44565419,,0
.54535349,,0
.34695495,,0
.45010174,,0
.49183054,,0
.53919636,,0
.42623136,,0
.3168203,,0
.52198782,,0
.35218304,,0
.51970944,,0
.56427246,,0
.37410816,,0
.48573021,,0
.41313719,,0
.3973864,,0
.31290681,,0
.43049508,,0
.40098905,,0
.66301932,,0
.17696998,,0
.60251094,,0
.46580193,,0
.24938627,,0
.37596965,,0
.35499897,,0
.38838713,,0
.44861899,,0
.23215313,,0
.44174636,,0
.4417814,,0
.42606847,,0
.3899606,,0
.41772033,,0
.39573908,,0
.53828618,,0
.54939835,,0
.45233165,,0
.43768475,,0
.43339604,,0
.6340111,,0
.38266135,,0
.50121756,,0
.55906948,,0
.46914648,,0
.46509209,,0
.33880323,,0
.56577278,,0
.43372307,,0
.60606173,,0
.42479945,,0
.32627772,,0
.34855,,0
.43168997,,0
.53976,,0
.24368263,,0
.54452351,,0
.44700551,,0
.42871376,,0
.47721325,,0
.13291461,,0
.35513481,,0
.60869352,,0
.59299888,,0
.63623744,,0
.45071715,,0
.42937215,,0
.49633791,,0
.58133984,,0
.48316644,,0
.31760961,,0
.50733087,,0
.38602844,,0
.37081913,,0
.41247597,,0
.46040176,,0
.5653134,,0
.47269294,,0
.48591446,,0
.44958063,,0
.40610165,,0
.31443625,,0
.33974492,,0
.44062954,,0
.37528472,,0
.4490915,,0
.43542803,,0
.41757175,,0
.32922451,,0
.41696413,,0
.39741587,,0
.44773617,,0
.36593566,,0
.29747087,,0
.46465152,,0
.47968945,,0
.32091403,,0
.42242074,,0
.42894909,,0
.24956659,,0
.32734972,,0
.5214181,,0
.38118387,,0
.37982986,,0
.58577414,,0
.34126667,,0
.53533631,,0
.32371744,,0
.48190234,,0
.66411789,,0
.39046866,,0
.30257105,,0
.42726217,,0
.44876718,,0
.3255037,,0
.33483624,,0
.4142165,,0
.42625938,,0
.50074325,,0
.37663219,,0
.51296528,,0
.50657528,,0
.54148283,,0
.6541242,,0
.52347501,,0
.41855669,,0
.50786437,,0
.32717082,,0
.40063166,,0
.32247415,,0
.3681441,,0
.34658832,,0
.44557709,,0
.4232627,,0
.49423916,,0
.58625672,,0
.63774368,,0
.38080736,,0
.49737417,,0
.46685951,,0
.30953091,,0
.37152237,,0
.22253176,,0
.37666449,,0
.36382023,,0
.56481242,,0
.3186927,,0
.54646262,,0
.26414689,,0
.27734805,,0
.55973812,,0
.48559675,,0
.43627595,,0
.4070764,,0
.44135422,,0
.4655578,,0
.30769576,,0
.52367528,,0
.18155945,,0
.55743294,,0
.33741151,,0
.43279127,,0
.37154521,,0
.44504706,,0
.44166374,,0
.48562693,,0
.56110179,,0
.49602949,,0
.40299079,,0
.47368874,,0
.27570688,,0
.42793624,,0
.33884391,,0
.32143181,,0
.38528734,,0
.45038024,,0
.47438543,,0
.42315196,,0
.33348854,,0
.33648658,,0
.28104315,,0
.57529925,,0
.37865223,,0
.5265153,,0
.45317334,,0
.32688624,,0
.60810109,,0
.50139142,,0
.40148836,,0
.52006731,,0
.34911069,,0
.25977106,,0
.56321008,,0
.4199214,,0
.6115182,,0
.40973438,,0
.7332926,,0
.35342018,,0
.35756889,,0
.38618557,,0
.58651485,,0
.44217556,,0
.4270017,,0
.41716541,,0
.44722395,,0
.42128479,,0
.27626161,,0
.31640931,,0
.66752033,,0
.4256729,,0
.42936148,,0
.34163481,,0
.16116727,,0
.49587492,,0
.51737722,,0
.44143268,,0
.39722765,,0
.33774997,,0
.52469962,,0
.32147134,,0
.49473434,,0
.44231365,,0
.33206772,,0
.33164239,,0
.47067001,,0
.56950725,,0
.3485059,,0
.36586739,,0
.37097849,,0
.40875507,,0
.38002645,,0
.37958191,,0
.46908079,,0
.50228147,,0
.46067595,,0
.44305794,,0
.25163698,,0
.49867237,,0
.39236412,,0
.4270292,,0
.48201732,,0
.37812092,,0
.40856506,,0
.34212267,,0
.60160048,,0
.39994135,,0
.09362014,,0
.37733234,,0
.56363465,,0
.41754595,,0
.26801307,,0
.40925865,,0
.31296221,,0
.48654501,,0
.52172563,,0
.51897135,,0
.50424358,,0
.4087591,,0
.35796338,,0
.39891553,,0
.3034811,,0
.39272326,,0
.28641267,,0
.13605985,,0
.61943165,,0
.20591381,,0
.39901514,,0
.39029158,,0
.41132388,,0
.3695671,,0
.33681957,,0
.27792717,,0
.44867441,,0
.42612189,,0
.46842506,,0
.39411946,,0
.3771632,,0
.28805877,,0
.44067325,,0
.64095913,,0
.47200143,,0
.40598952,,0
.44685355,,0
.35593141,,0
.58477217,,0
.37424479,,0
.42036581,,0
.4962893,,0
.30576483,,0
.3785585,,0
.56994189,,0
.40472159,,0
.61487172,,0
.28785633,,0
.34156252,,0
.36829726,,0
.37745075,,0
.47391645,,0
.3881766,,0
.29793811,,0
.39686974,,0
.37246902,,0
.57902363,,0
.3695546,,0
.54465313,,0
.36267824,,0
.49296919,,0
.27749233,,0
.29996999,,0
.22670837,,0
.29517556,,0
.29861893,,0
.43005955,,0
.34951275,,0
.46113001,,0
.5156928,,0
.35806736,,0
.52678096,,0
.43199831,,0
.31616981,,0
.38623966,,0
.57988237,,0
.3846234,,0
.37215734,,0
.57152821,,0
.51294234,,0
.53666592,,0
.35785887,,0
.41792617,,0
.44723502,,0
.3961051,,0
.46660179,,0
.47608979,,0
.22551175,,0
.23524505,,0
.58247352,,0
.32090092,,0
.45946634,,0
.44482869,,0
.42831607,,0
.18575429,,0
.35301465,,0
.40810001,,0
.24234705,,0
.41255376,,0
.32487931,,0
.41634114,,0
.40808642,,0
.41591919,,0
.39635372,,0
.32446606,,0
.21963207,,0
.32298006,,0
.42861954,,0
.44776357,,0
.44084279,,0
.53392151,,0
.32597328,,0
.65786373,,0
.3989424,,0
.36744925,,0
.28242228,,0
.15296465,,0
.39099724,,0
.50630238,,0
.32063283,,0
.41554682,,0
.43415366,,0
.43218738,,0
.26474563,,0
.47255423,,0
.49699383,,0
.4764964,,0
.55051094,,0
.36274027,,0
.49279053,,0
.51977716,,0
.21853978,,0
.39534659,,0
.48200242,,0
.43299071,,0
.3824058,,0
.45196935,,0
.55040063,,0
.17516812,,0
.3170238,,0
.49313675,,0
.36930113,,0
.3832592,,0
.3586095,,0
.48170847,,0
.34844955,,0
.47784652,,0
.28550617,,0
.51351257,,0
.51889525,,0
.53401265,,0
.35278488,,0
.38978753,,0
.4744943,,0
.32349272,,0
.46055347,,0
.31489722,,0
.48782618,,0
.42951628,,0
.64655844,,0
.40457363,,0
.53710069,,0
.44613524,,0
.47309459,,0
.38793993,,0
.3219768,,0
.44590351,,0
.42538217,,0
.46949573,,0
.49688693,,0
.45327672,,0
.40428162,,0
.57730819,,0
.47443539,,0
.17226811,,0
.26204274,,0
.34671549,,0
.47057488,,0
.30669217,,0
.53068535,,0
.27148789,,0
.50671363,,0
.4843426,,0
.50478225,,0
.50799202,,0
.37045283,,0
.42507616,,0
.35251182,,0
.37994675,,0
.2965472,,0
.39166889,,0
.48380843,,0
.32934132,,0
.4408766,,0
.34813659,,0
.26982917,,0
.47253816,,0
.53000572,,0
.49235061,,0
.53078711,,0
.47662928,,0
.55181543,,0
.31642781,,0
.35356101,,0
.55860434,,0
.33140087,,0
.42753809,,0
.28325791,,0
.38938792,,0
.49895592,,0
.18368606,,0
.32545256,,0
.58644002,,0
.36504858,,0
.4763214,,0
.54933097,,0
.43102633,,0
.43700126,,0
.55284098,,0
.39010427,,0
.4616887,,0
.50251697,,0
.20054313,,0
.34506255,,0
.36027238,,0
.26355258,,0
.59881528,,0
.39629454,,0
.4281466,,0
.33590399,,0
.33622025,,0
.44718598,,0
.51116107,,0
.42799629,,0
.67394891,,0
.25643945,,0
.46747514,,0
.41477874,,0
.41171057,,0
.34424466,,0
.31930494,,0
.56943697,,0
.36650275,,0
.38596054,,0
.38309678,,0
.43823517,,0
.43820075,,0
.52788981,,0
.47034144,,0
.41685574,,0
.3416688,,0
.34076033,,0
.23913568,,0
.51138315,,0
.48299535,,0
.4392257,,0
.50250905,,0
.45674089,,0
.63375094,,0
.39318193,,0
.54458176,,0
.45951937,,0
.17052266,,0
.50294019,,0
.39582387,,0
.34992186,,0
.26841516,,0
.54062894,,0
.60001679,,0
.26793867,,0
.46156447,,0
.36827776,,0
.42517303,,0
.47694339,,0
.53979622,,0
.53640499,,0
.37270389,,0
.50909555,,0
.56014392,,0
.36496431,,0
.22801407,,0
.51248602,,0
.23296801,,0
.4946954,,0
.33480131,,0
.56827261,,0
.20512786,,0
.46071274,,0
.40682587,,0
.34846997,,0
.45408494,,0
.24404361,,0
.50301397,,0
.23507192,,0
.42244198,,0
.39292517,,0
.47287885,,0
.34926726,,0
.57384221,,0
.58394012,,0
.19265045,,0
.24495981,,0
.36523996,,0
.49642557,,0
.34430079,,0
.37320508,,0
.41239239,,0
.37777989,,0
.52531276,,0
.40651292,,0
.38533832,,0
.33315316,,0
.52823964,,0
.27640541,,0
.42749421,,0
.48167561,,0
.3767289,,0
.3414076,,0
.48499751,,0
.33989065,,0
.51543555,,0
.35821529,,0
.49192615,,0
.51777042,,0
.44882724,,0
.57708303,,0
.28238742,,0
.61434731,,0
.34113773,,0
.11437461,,0
.46741331,,0
.62630421,,0
.37421033,,0
.40006001,,0
.19638914,,0
.54301462,,0
.47139813,,0
.42771256,,0
.27016537,,0
.60681195,,0
.21114182,,0
.53284896,,0
.70187159,,0
.5207242,,0
.28855473,,0
.63702099,,0
.46274666,,0
.49619966,,0
.1660074,,0
.53146624,,0
.40883413,,0
.4296559,,0
.39848521,,0
.31945102,,0
.42801921,,0
.41686569,,0
.36243298,,0
.55277262,,0
.49138126,,0
.2797915,,0
.36683035,,0
.4955503,,0
.52963982,,0
.29098068,,0
.39388558,,0
.35329259,,0
.45601907,,0
.29479921,,0
.59167875,,0
.35424819,,0
.51282243,,0
.51093441,,0
.45720825,,0
.43722199,,0
.64270934,,0
.26553204,,0
.37223383,,0
.34470412,,0
.5151329,,0
.38307272,,0
.3852492,,0
.400209,,0
.50921878,,0
.4832441,,0
.39909275,,0
.39657399,,0
.14847655,,0
.41586709,,0
.16976898,,0
.54832162,,0
.33935673,,0
.27515907,,0
.42419484,,0
.21744876,,0
.53579356,,0
.37588901,,0
.37601103,,0
.44319931,,0
.40026333,,0
.51460947,,0
.55337408,,0
.29757002,,0
.50089809,,0
.48108989,,0
.57659389,,0
.15732034,,0
.57868846,,0
.3482487,,0
.35560983,,0
.25971744,,0
.52847254,,0
.57322125,,0
.31557928,,0
.52053821,,0
.46835857,,0
.47224906,,0
.4063601,,0
.60791793,,0
.25942725,,0
.42772911,,0
.39587551,,0
.42894531,,0
.42255346,,0
.370103,,0
.47867085,,0
.3875271,,0
.34069621,,0
.35502073,,0
.56317486,,0
.33176441,,0
.40127408,,0
.27679584,,0
.40126148,,0
.47583352,,0
.20921649,,0
.35128774,,0
.45391485,,0
.52038163,,0
.42571683,,0
.2947522,,0
.28813955,,0
.37819901,,0
.48136215,,0
.39899773,,0
.40887855,,0
.34192702,,0
.37515969,,0
.3611267,,0
.43089095,,0
.26787396,,0
.49537685,,0
.51129622,,0
.43246727,,0
.36863516,,0
.39808074,,0
.51205652,,0
.40606946,,0
.55677766,,0
.54001358,,0
.39677487,,0
.29142343,,0
.18815954,,0
.33676645,,0
.55888339,,0
.42466941,,0
.35181782,,0
.63226549,,0
.41289817,,0
.26034437,,0
.2858771,,0
.42945864,,0
.44746998,,0
.32557346,,0
.33168401,,0
.51811689,,0
.33921612,,0
.20693623,,0
.5621393,,0
.39128844,,0
.33720421,,0
.38760241,,0
.35215449,,0
.3424459,,0
.29118272,,0
.34025604,,0
.49017589,,0
.33705927,,0
.5388506,,0
.3725993,,0
.39786934,,0
.56588478,,0
.43598024,,0
.47258518,,0
.50976204,,0
.49029723,,0
.19608219,,0
.46843464,,0
.60008611,,0
.5112087,,0
.47230947,,0
.32548082,,0
.5865046,,0
.42633102,,0
.60479907,,0
.554735,,0
.53450527,,0
.41647281,,0
.17732488,,0
.37398677,,0
.55995745,,0
.60976062,,0
.5431907,,0
.27627209,,0
.31517073,,0
.37824133,,0
.36604386,,0
.36867978,,0
.40003242,,0
.26073942,,0
.4113831,,0
.35322369,,0
.43124087,,0
.54099415,,0
.49954915,,0
.30092032,,0
