-6.159485,-1.6189,-1.6189
-7.946092,-1.6189,-1.6189
-1.945853,-1.6189,-1.6189
-4.614601,-1.6189,-1.6189
-2.613441,-1.6189,-1.6189
-4.246957,-1.6189,-1.6189
-6.708944,-1.6189,-1.6189
-2.368527,-1.6189,-1.6189
-1,-1.6189,-1.6189
-5.481713,-1.6189,-1.6189
-3.531357,-1.6189,-1.6189
-2.280944,-1.6189,-1.6189
-1.349341,-1.6189,-1.6189
-4.00961,-1.6189,-1.6189
-1.612274,-1.6189,-1.6189
-2.670317,-1.6189,-1.6189
-1,-1.6189,-1.6189
-1.657558,-1.6189,-1.6189
-3.65104,-1.6189,-1.6189
-3.350192,-1.6189,-1.6189
-3.877528,-1.6189,-1.6189
-3.029757,-1.6189,-1.6189
-1,-1.6189,-1.6189
-2.669507,-1.6189,-1.6189
-1,-1.6189,-1.6189
-6.136925,-1.6189,-1.6189
-2.305346,-1.6189,-1.6189
-2.261458,-1.6189,-1.6189
-3.323661,-1.6189,-1.6189
-2.937293,-1.6189,-1.6189
-1.879905,-1.6189,-1.6189
-1.462872,-1.6189,-1.6189
-5.187742,-1.6189,-1.6189
-4.274094,-1.6189,-1.6189
-1,-1.6189,-1.6189
-1.093302,-1.6189,-1.6189
-6.607543,-1.6189,-1.6189
-1.560759,-1.6189,-1.6189
-1.135992,-1.6189,-1.6189
-6.443083,-1.6189,-1.6189
-1.130925,-1.6189,-1.6189
-5.00761,-1.6189,-1.6189
-6.698831,-1.6189,-1.6189
-1,-1.6189,-1.6189
-6.13397,-1.6189,-1.6189
-6.147569,-1.6189,-1.6189
-1.694132,-1.6189,-1.6189
-2.103133,-1.6189,-1.6189
-3.009086,-1.6189,-1.6189
-7.142504,-1.6189,-1.6189
-2.140935,-1.6189,-1.6189
-1.845431,-1.6189,-1.6189
-1.974485,-1.6189,-1.6189
-1.673362,-1.6189,-1.6189
-2.858492,-1.6189,-1.6189
-1,-1.6189,-1.6189
-2.005744,-1.6189,-1.6189
-3.653562,-1.6189,-1.6189
-5.538302,-1.6189,-1.6189
-3.735156,-1.6189,-1.6189
-2.635069,-1.6189,-1.6189
-2.514582,-1.6189,-1.6189
-4.900469,-1.6189,-1.6189
-3.382301,-1.6189,-1.6189
-5.729266,-1.6189,-1.6189
-3.609075,-1.6189,-1.6189
-2.175215,-1.6189,-1.6189
-3.307538,-1.6189,-1.6189
-5.768595,-1.6189,-1.6189
-4.981274,-1.6189,-1.6189
-2.906111,-1.6189,-1.6189
-1.666517,-1.6189,-1.6189
-6.537732,-1.6189,-1.6189
-1.878817,-1.6189,-1.6189
-1,-1.6189,-1.6189
-1.936828,-1.6189,-1.6189
-7.450871,-1.6189,-1.6189
-4.343518,-1.6189,-1.6189
-6.223318,-1.6189,-1.6189
-1,-1.6189,-1.6189
-3.72276,-1.6189,-1.6189
-2.132885,-1.6189,-1.6189
-3.989355,-1.6189,-1.6189
-3.614922,-1.6189,-1.6189
-3.005683,-1.6189,-1.6189
-1,-1.6189,-1.6189
-4.322746,-1.6189,-1.6189
-3.376667,-1.6189,-1.6189
-3.357233,-1.6189,-1.6189
-2.601511,-1.6189,-1.6189
-7.007819,-1.6189,-1.6189
-1,-1.6189,-1.6189
-1.960863,-1.6189,-1.6189
-5.376607,-1.6189,-1.6189
-5.652447,-1.6189,-1.6189
-3.058645,-1.6189,-1.6189
-3.13427,-1.6189,-1.6189
-3.673205,-1.6189,-1.6189
-3.737532,-1.6189,-1.6189
-2.063306,-1.6189,-1.6189
-4.82803,-1.6189,-1.6189
-4.799389,-1.6189,-1.6189
-1.467121,-1.6189,-1.6189
-1.230254,-1.6189,-1.6189
-5.649602,-1.6189,-1.6189
-5.896034,-1.6189,-1.6189
-2.566857,-1.6189,-1.6189
-6.020473,-1.6189,-1.6189
-7.076123,-1.6189,-1.6189
-2.789199,-1.6189,-1.6189
-6.48886,-1.6189,-1.6189
-3.333234,-1.6189,-1.6189
-2.441225,-1.6189,-1.6189
-2.870537,-1.6189,-1.6189
-2.046957,-1.6189,-1.6189
-4.440983,-1.6189,-1.6189
-1,-1.6189,-1.6189
-6.104789,-1.6189,-1.6189
-3.441576,-1.6189,-1.6189
-4.784209,-1.6189,-1.6189
-4.717473,-1.6189,-1.6189
-2.207841,-1.6189,-1.6189
-6.082448,-1.6189,-1.6189
-1.324431,-1.6189,-1.6189
-1.97401,-1.6189,-1.6189
-4.475448,-1.6189,-1.6189
-3.645275,-1.6189,-1.6189
-1.982306,-1.6189,-1.6189
-1.40082,-1.6189,-1.6189
-5.108141,-1.6189,-1.6189
-1.163604,-1.6189,-1.6189
-1.888746,-1.6189,-1.6189
-2.066672,-1.6189,-1.6189
-2.342556,-1.6189,-1.6189
-2.373517,-1.6189,-1.6189
-2.540165,-1.6189,-1.6189
-3.428908,-1.6189,-1.6189
-2.746312,-1.6189,-1.6189
-2.991366,-1.6189,-1.6189
-5.923698,-1.6189,-1.6189
-3.587434,-1.6189,-1.6189
-4.659239,-1.6189,-1.6189
-5.940179,-1.6189,-1.6189
-5.529622,-1.6189,-1.6189
-1,-1.6189,-1.6189
-1.622285,-1.6189,-1.6189
-4.301537,-1.6189,-1.6189
-2.285574,-1.6189,-1.6189
-3.725787,-1.6189,-1.6189
-6.420336,-1.6189,-1.6189
-2.257229,-1.6189,-1.6189
-4.70505,-1.6189,-1.6189
-8.073914,-1.6189,-1.6189
-2.023222,-1.6189,-1.6189
-6.253471,-1.6189,-1.6189
-2.335376,-1.6189,-1.6189
-3.181807,-1.6189,-1.6189
-4.142928,-1.6189,-1.6189
-3.912683,-1.6189,-1.6189
-2.75399,-1.6189,-1.6189
-2.077408,-1.6189,-1.6189
-4.958347,-1.6189,-1.6189
-6.441072,-1.6189,-1.6189
-2.670788,-1.6189,-1.6189
-2.708792,-1.6189,-1.6189
-1.639912,-1.6189,-1.6189
-1.91879,-1.6189,-1.6189
-5.594034,-1.6189,-1.6189
-5.528553,-1.6189,-1.6189
-5.892208,-1.6189,-1.6189
-6.372975,-1.6189,-1.6189
-3.278777,-1.6189,-1.6189
-3.419229,-1.6189,-1.6189
-1,-1.6189,-1.6189
-6.179336,-1.6189,-1.6189
-3.821349,-1.6189,-1.6189
-5.275362,-1.6189,-1.6189
-3.268528,-1.6189,-1.6189
-4.144911,-1.6189,-1.6189
-3.438779,-1.6189,-1.6189
-5.817528,-1.6189,-1.6189
-5.46765,-1.6189,-1.6189
-4.776771,-1.6189,-1.6189
-3.263198,-1.6189,-1.6189
-1,-1.6189,-1.6189
-5.267508,-1.6189,-1.6189
-5.773312,-1.6189,-1.6189
-3.637584,-1.6189,-1.6189
-2.669252,-1.6189,-1.6189
-4.689551,-1.6189,-1.6189
-5.64355,-1.6189,-1.6189
-1,-1.6189,-1.6189
-4.082482,-1.6189,-1.6189
-2.01716,-1.6189,-1.6189
-3.79421,-1.6189,-1.6189
-2.190941,-1.6189,-1.6189
-3.265931,-1.6189,-1.6189
-4.38405,-1.6189,-1.6189
-4.200627,-1.6189,-1.6189
-1,-1.6189,-1.6189
-3.473362,-1.6189,-1.6189
-4.752471,-1.6189,-1.6189
-6.458457,-1.6189,-1.6189
-1,-1.6189,-1.6189
-2.758635,-1.6189,-1.6189
-5.697977,-1.6189,-1.6189
-3.275234,-1.6189,-1.6189
-2.951088,-1.6189,-1.6189
-6.275431,-1.6189,-1.6189
-1.836135,-1.6189,-1.6189
-2.511776,-1.6189,-1.6189
-1.222154,-1.6189,-1.6189
-5.851694,-1.6189,-1.6189
-1.078768,-1.6189,-1.6189
-2.156976,-1.6189,-1.6189
-2.499089,-1.6189,-1.6189
-5.98787,-1.6189,-1.6189
-3.717623,-1.6189,-1.6189
-3.945313,-1.6189,-1.6189
-3.359617,-1.6189,-1.6189
-2.96862,-1.6189,-1.6189
-4.176987,-1.6189,-1.6189
-5.998795,-1.6189,-1.6189
-2.945222,-1.6189,-1.6189
-2.285066,-1.6189,-1.6189
-2.973773,-1.6189,-1.6189
-7.61917,-1.6189,-1.6189
-2.617028,-1.6189,-1.6189
-5.772618,-1.6189,-1.6189
-6.760566,-1.6189,-1.6189
-3.703064,-1.6189,-1.6189
-2.653118,-1.6189,-1.6189
-6.451427,-1.6189,-1.6189
-2.623938,-1.6189,-1.6189
-3.704711,-1.6189,-1.6189
-5.629186,-1.6189,-1.6189
-1,-1.6189,-1.6189
-1.735457,-1.6189,-1.6189
-8.86585,-1.6189,-1.6189
-3.023119,-1.6189,-1.6189
-6.000644,-1.6189,-1.6189
-5.773427,-1.6189,-1.6189
-6.385981,-1.6189,-1.6189
-4.541395,-1.6189,-1.6189
-2.531437,-1.6189,-1.6189
-1.140651,-1.6189,-1.6189
-1.731153,-1.6189,-1.6189
-4.081636,-1.6189,-1.6189
-4.263282,-1.6189,-1.6189
-7.269014,-1.6189,-1.6189
-3.348501,-1.6189,-1.6189
-5.088738,-1.6189,-1.6189
-1,-1.6189,-1.6189
-2.461717,-1.6189,-1.6189
-1,-1.6189,-1.6189
-3.263791,-1.6189,-1.6189
-4.94811,-1.6189,-1.6189
-4.60797,-1.6189,-1.6189
-2.448871,-1.6189,-1.6189
-5.052591,-1.6189,-1.6189
-4.843755,-1.6189,-1.6189
-4.155797,-1.6189,-1.6189
-2.43136,-1.6189,-1.6189
-5.214581,-1.6189,-1.6189
-1.838156,-1.6189,-1.6189
-4.565333,-1.6189,-1.6189
-6.444407,-1.6189,-1.6189
-1.860735,-1.6189,-1.6189
-1.365237,-1.6189,-1.6189
-2.952907,-1.6189,-1.6189
-5.734447,-1.6189,-1.6189
-3.527982,-1.6189,-1.6189
-5.042727,-1.6189,-1.6189
-1,-1.6189,-1.6189
-2.680811,-1.6189,-1.6189
-6.014562,-1.6189,-1.6189
-5.203647,-1.6189,-1.6189
-1.962806,-1.6189,-1.6189
-1.24352,-1.6189,-1.6189
-5.29407,-1.6189,-1.6189
-1.517134,-1.6189,-1.6189
-1.496155,-1.6189,-1.6189
-5.566638,-1.6189,-1.6189
-5.975202,-1.6189,-1.6189
-4.713553,-1.6189,-1.6189
-7.750602,-1.6189,-1.6189
-1.94756,-1.6189,-1.6189
-4.541062,-1.6189,-1.6189
-1,-1.6189,-1.6189
-2.605076,-1.6189,-1.6189
-5.597952,-1.6189,-1.6189
-1,-1.6189,-1.6189
-2.607154,-1.6189,-1.6189
-5.875882,-1.6189,-1.6189
-5.144906,-1.6189,-1.6189
-5.540698,-1.6189,-1.6189
-4.739359,-1.6189,-1.6189
-1,-1.6189,-1.6189
-3.114083,-1.6189,-1.6189
-7.80601,-1.6189,-1.6189
-2.495529,-1.6189,-1.6189
-5.301247,-1.6189,-1.6189
-5.126066,-1.6189,-1.6189
-2.872211,-1.6189,-1.6189
-4.908442,-1.6189,-1.6189
-1.52193,-1.6189,-1.6189
-1.010978,-1.6189,-1.6189
-1,-1.6189,-1.6189
-2.273949,-1.6189,-1.6189
-4.260094,-1.6189,-1.6189
-7.034359,-1.6189,-1.6189
-5.082667,-1.6189,-1.6189
-5.448029,-1.6189,-1.6189
-5.407757,-1.6189,-1.6189
-5.899376,-1.6189,-1.6189
-6.9469,-1.6189,-1.6189
-4.997763,-1.6189,-1.6189
-3.308307,-1.6189,-1.6189
-1,-1.6189,-1.6189
-6.003108,-1.6189,-1.6189
-1.076062,-1.6189,-1.6189
-7.496013,-1.6189,-1.6189
-4.74053,-1.6189,-1.6189
-6.907216,-1.6189,-1.6189
-3.692564,-1.6189,-1.6189
-4.643003,-1.6189,-1.6189
-6.289076,-1.6189,-1.6189
-6.730963,-1.6189,-1.6189
-2.858327,-1.6189,-1.6189
-5.340786,-1.6189,-1.6189
-6.349128,-1.6189,-1.6189
-2.138169,-1.6189,-1.6189
-2.141628,-1.6189,-1.6189
-4.692518,-1.6189,-1.6189
-4.671351,-1.6189,-1.6189
-3.856894,-1.6189,-1.6189
-1.91357,-1.6189,-1.6189
-6.134781,-1.6189,-1.6189
-5.881862,-1.6189,-1.6189
-3.409979,-1.6189,-1.6189
-1,-1.6189,-1.6189
-4.962197,-1.6189,-1.6189
-1.446788,-1.6189,-1.6189
-1.985897,-1.6189,-1.6189
-2.534646,-1.6189,-1.6189
-5.021963,-1.6189,-1.6189
-1,-1.6189,-1.6189
-2.02883,-1.6189,-1.6189
-5.255019,-1.6189,-1.6189
-3.618083,-1.6189,-1.6189
-5.616563,-1.6189,-1.6189
-2.620985,-1.6189,-1.6189
-1.576675,-1.6189,-1.6189
-2.270066,-1.6189,-1.6189
-4.993456,-1.6189,-1.6189
-6.886139,-1.6189,-1.6189
-5.002009,-1.6189,-1.6189
-6.07548,-1.6189,-1.6189
-2.688093,-1.6189,-1.6189
-5.567541,-1.6189,-1.6189
-4.649472,-1.6189,-1.6189
-4.611017,-1.6189,-1.6189
-2.329975,-1.6189,-1.6189
-7.872663,-1.6189,-1.6189
-5.946534,-1.6189,-1.6189
-1.702296,-1.6189,-1.6189
-1.494339,-1.6189,-1.6189
-2.843888,-1.6189,-1.6189
-5.006361,-1.6189,-1.6189
-2.772046,-1.6189,-1.6189
-5.410553,-1.6189,-1.6189
-6.389043,-1.6189,-1.6189
-8.577812,-1.6189,-1.6189
-6.541416,-1.6189,-1.6189
-4.024024,-1.6189,-1.6189
-1.285458,-1.6189,-1.6189
-2.032934,-1.6189,-1.6189
-4.462841,-1.6189,-1.6189
-2.039013,-1.6189,-1.6189
-5.521782,-1.6189,-1.6189
-1.978195,-1.6189,-1.6189
-2.290357,-1.6189,-1.6189
-5.107012,-1.6189,-1.6189
-5.532364,-1.6189,-1.6189
-2.195184,-1.6189,-1.6189
-3.382157,-1.6189,-1.6189
-7.105863,-1.6189,-1.6189
-2.991797,-1.6189,-1.6189
-5.54107,-1.6189,-1.6189
-4.745562,-1.6189,-1.6189
-5.188753,-1.6189,-1.6189
-5.862464,-1.6189,-1.6189
-1.58867,-1.6189,-1.6189
-2.009039,-1.6189,-1.6189
-2.736125,-1.6189,-1.6189
-4.713371,-1.6189,-1.6189
-1,-1.6189,-1.6189
-4.986791,-1.6189,-1.6189
-5.064059,-1.6189,-1.6189
-2.713088,-1.6189,-1.6189
-1.473204,-1.6189,-1.6189
-1.095487,-1.6189,-1.6189
-1,-1.6189,-1.6189
-1,-1.6189,-1.6189
-4.751266,-1.6189,-1.6189
-1.011189,-1.6189,-1.6189
-1.433223,-1.6189,-1.6189
-6.633393,-1.6189,-1.6189
-5.632317,-1.6189,-1.6189
-1.742988,-1.6189,-1.6189
-5.112723,-1.6189,-1.6189
-5.302716,-1.6189,-1.6189
-2.74966,-1.6189,-1.6189
-2.448207,-1.6189,-1.6189
-4.021589,-1.6189,-1.6189
-1.845245,-1.6189,-1.6189
-1.293381,-1.6189,-1.6189
-2.869532,-1.6189,-1.6189
-2.697444,-1.6189,-1.6189
-1.639706,-1.6189,-1.6189
-6.101966,-1.6189,-1.6189
-7.426798,-1.6189,-1.6189
-3.685929,-1.6189,-1.6189
-4.069996,-1.6189,-1.6189
-5.766184,-1.6189,-1.6189
-5.315238,-1.6189,-1.6189
-2.015997,-1.6189,-1.6189
-2.944386,-1.6189,-1.6189
-2.934424,-1.6189,-1.6189
-2.056963,-1.6189,-1.6189
-2.38946,-1.6189,-1.6189
-4.337459,-1.6189,-1.6189
-2.338712,-1.6189,-1.6189
-4.341949,-1.6189,-1.6189
-2.420583,-1.6189,-1.6189
-4.390093,-1.6189,-1.6189
-4.632332,-1.6189,-1.6189
-2.553379,-1.6189,-1.6189
-4.909973,-1.6189,-1.6189
-1.096798,-1.6189,-1.6189
-4.682766,-1.6189,-1.6189
-2.257092,-1.6189,-1.6189
-3.821126,-1.6189,-1.6189
-1,-1.6189,-1.6189
-1.267796,-1.6189,-1.6189
-2.729262,-1.6189,-1.6189
-3.566077,-1.6189,-1.6189
-5.11544,-1.6189,-1.6189
-6.10241,-1.6189,-1.6189
-3.477203,-1.6189,-1.6189
-1,-1.6189,-1.6189
-2.401759,-1.6189,-1.6189
-5.515017,-1.6189,-1.6189
-4.309873,-1.6189,-1.6189
-3.445828,-1.6189,-1.6189
-4.944793,-1.6189,-1.6189
-1.103499,-1.6189,-1.6189
-1.350808,-1.6189,-1.6189
-5.091777,-1.6189,-1.6189
-2.389338,-1.6189,-1.6189
-3.204555,-1.6189,-1.6189
-6.499781,-1.6189,-1.6189
-5.948817,-1.6189,-1.6189
-1,-1.6189,-1.6189
-1,-1.6189,-1.6189
-5.970807,-1.6189,-1.6189
-4.269123,-1.6189,-1.6189
-2.132151,-1.6189,-1.6189
-2.597651,-1.6189,-1.6189
-2.304161,-1.6189,-1.6189
-7.062485,-1.6189,-1.6189
-3.652546,-1.6189,-1.6189
-1,-1.6189,-1.6189
-1.921131,-1.6189,-1.6189
-3.807128,-1.6189,-1.6189
-7.524498,-1.6189,-1.6189
-4.797399,-1.6189,-1.6189
-3.359004,-1.6189,-1.6189
-1,-1.6189,-1.6189
-5.050995,-1.6189,-1.6189
-2.482389,-1.6189,-1.6189
-5.862763,-1.6189,-1.6189
-3.848365,-1.6189,-1.6189
-5.655287,-1.6189,-1.6189
-3.535688,-1.6189,-1.6189
-3.719498,-1.6189,-1.6189
-1.901365,-1.6189,-1.6189
-1.230246,-1.6189,-1.6189
-4.751218,-1.6189,-1.6189
-1.239512,-1.6189,-1.6189
-5.290058,-1.6189,-1.6189
-3.523176,-1.6189,-1.6189
-1.832361,-1.6189,-1.6189
-6.99045,-1.6189,-1.6189
-3.094833,-1.6189,-1.6189
-4.928953,-1.6189,-1.6189
-5.755702,-1.6189,-1.6189
-6.119293,-1.6189,-1.6189
-1.45977,-1.6189,-1.6189
-1.402867,-1.6189,-1.6189
-5.309988,-1.6189,-1.6189
-3.397211,-1.6189,-1.6189
-2.096181,-1.6189,-1.6189
-2.820919,-1.6189,-1.6189
-7.563851,-1.6189,-1.6189
-4.449919,-1.6189,-1.6189
-1.214486,-1.6189,-1.6189
-2.3674,-1.6189,-1.6189
-1.225544,-1.6189,-1.6189
-2.637448,-1.6189,-1.6189
-2.843964,-1.6189,-1.6189
-5.148653,-1.6189,-1.6189
-1.999366,-1.6189,-1.6189
-1.989849,-1.6189,-1.6189
-1.827931,-1.6189,-1.6189
-2.114949,-1.6189,-1.6189
-1.552319,-1.6189,-1.6189
-5.087278,-1.6189,-1.6189
-2.769362,-1.6189,-1.6189
-2.056478,-1.6189,-1.6189
-5.573833,-1.6189,-1.6189
-1,-1.6189,-1.6189
-1.444203,-1.6189,-1.6189
-1.06154,-1.6189,-1.6189
-2.743669,-1.6189,-1.6189
-4.848114,-1.6189,-1.6189
-2.738527,-1.6189,-1.6189
-5.025277,-1.6189,-1.6189
-5.359136,-1.6189,-1.6189
-5.958956,-1.6189,-1.6189
-5.032362,-1.6189,-1.6189
-7.327667,-1.6189,-1.6189
-1,-1.6189,-1.6189
-1,-1.6189,-1.6189
-3.624194,-1.6189,-1.6189
-4.312472,-1.6189,-1.6189
-6.020204,-1.6189,-1.6189
-1.847806,-1.6189,-1.6189
-5.009292,-1.6189,-1.6189
-1.726793,-1.6189,-1.6189
-3.360503,-1.6189,-1.6189
-2.20301,-1.6189,-1.6189
-5.382257,-1.6189,-1.6189
-1.084371,-1.6189,-1.6189
-6.329831,-1.6189,-1.6189
-4.802527,-1.6189,-1.6189
-4.683104,-1.6189,-1.6189
-1.564516,-1.6189,-1.6189
-5.65096,-1.6189,-1.6189
-3.42152,-1.6189,-1.6189
-3.828242,-1.6189,-1.6189
-3.461329,-1.6189,-1.6189
-1.25686,-1.6189,-1.6189
-5.231016,-1.6189,-1.6189
-3.477033,-1.6189,-1.6189
-6.23242,-1.6189,-1.6189
-1.491165,-1.6189,-1.6189
-1.244103,-1.6189,-1.6189
-2.752053,-1.6189,-1.6189
-4.120744,-1.6189,-1.6189
-5.784069,-1.6189,-1.6189
-2.87519,-1.6189,-1.6189
-6.28043,-1.6189,-1.6189
-3.503475,-1.6189,-1.6189
-5.408593,-1.6189,-1.6189
-2.498867,-1.6189,-1.6189
-3.314725,-1.6189,-1.6189
-5.864959,-1.6189,-1.6189
-1.669979,-1.6189,-1.6189
-6.252776,-1.6189,-1.6189
-2.727566,-1.6189,-1.6189
-6.155357,-1.6189,-1.6189
-4.569284,-1.6189,-1.6189
-1,-1.6189,-1.6189
-1.823354,-1.6189,-1.6189
-2.035208,-1.6189,-1.6189
-5.186727,-1.6189,-1.6189
-3.16179,-1.6189,-1.6189
-4.032918,-1.6189,-1.6189
-3.453973,-1.6189,-1.6189
-2.318403,-1.6189,-1.6189
-1.352837,-1.6189,-1.6189
-5.546958,-1.6189,-1.6189
-3.215263,-1.6189,-1.6189
-2.875807,-1.6189,-1.6189
-2.141647,-1.6189,-1.6189
-3.835533,-1.6189,-1.6189
-9.751874,-1.6189,-1.6189
-1.048176,-1.6189,-1.6189
-5.950727,-1.6189,-1.6189
-6.822342,-1.6189,-1.6189
-3.079871,-1.6189,-1.6189
-3.053743,-1.6189,-1.6189
-3.677849,-1.6189,-1.6189
-3.060407,-1.6189,-1.6189
-5.384951,-1.6189,-1.6189
-3.15603,-1.6189,-1.6189
-5.359425,-1.6189,-1.6189
-3.244626,-1.6189,-1.6189
-6.17333,-1.6189,-1.6189
-3.107798,-1.6189,-1.6189
-3.807105,-1.6189,-1.6189
-1.595553,-1.6189,-1.6189
-7.264266,-1.6189,-1.6189
-1.983307,-1.6189,-1.6189
-1.728909,-1.6189,-1.6189
-6.837447,-1.6189,-1.6189
-2.550812,-1.6189,-1.6189
-1.634194,-1.6189,-1.6189
-4.433362,-1.6189,-1.6189
-4.00419,-1.6189,-1.6189
-1.65316,-1.6189,-1.6189
-1.124093,-1.6189,-1.6189
-1,-1.6189,-1.6189
-3.35669,-1.6189,-1.6189
-6.347747,-1.6189,-1.6189
-3.507181,-1.6189,-1.6189
-4.815955,-1.6189,-1.6189
-5.000172,-1.6189,-1.6189
-4.589055,-1.6189,-1.6189
-1,-1.6189,-1.6189
-6.77265,-1.6189,-1.6189
-1.804839,-1.6189,-1.6189
-1,-1.6189,-1.6189
-4.727105,-1.6189,-1.6189
-1.104909,-1.6189,-1.6189
-4.698084,-1.6189,-1.6189
-2.525559,-1.6189,-1.6189
-4.484785,-1.6189,-1.6189
-2.112582,-1.6189,-1.6189
-5.275936,-1.6189,-1.6189
-2.645499,-1.6189,-1.6189
-8.355016,-1.6189,-1.6189
-3.194577,-1.6189,-1.6189
-5.776995,-1.6189,-1.6189
-1.576697,-1.6189,-1.6189
-3.046962,-1.6189,-1.6189
-4.376214,-1.6189,-1.6189
-2.716827,-1.6189,-1.6189
-4.944015,-1.6189,-1.6189
-3.019483,-1.6189,-1.6189
-4.254256,-1.6189,-1.6189
-1.649926,-1.6189,-1.6189
-3.236928,-1.6189,-1.6189
-1,-1.6189,-1.6189
-2.230721,-1.6189,-1.6189
-2.238839,-1.6189,-1.6189
-3.322393,-1.6189,-1.6189
-1.032693,-1.6189,-1.6189
-5.626501,-1.6189,-1.6189
-2.850129,-1.6189,-1.6189
-5.657889,-1.6189,-1.6189
-5.599969,-1.6189,-1.6189
-1,-1.6189,-1.6189
-4.377963,-1.6189,-1.6189
-2.0078,-1.6189,-1.6189
-2.205692,-1.6189,-1.6189
-6.293284,-1.6189,-1.6189
-6.478175,-1.6189,-1.6189
-2.646536,-1.6189,-1.6189
-2.508977,-1.6189,-1.6189
-3.492016,-1.6189,-1.6189
-2.233324,-1.6189,-1.6189
-3.442581,-1.6189,-1.6189
-3.859293,-1.6189,-1.6189
-5.711106,-1.6189,-1.6189
-6.646437,-1.6189,-1.6189
-5.951821,-1.6189,-1.6189
-5.686524,-1.6189,-1.6189
-4.74864,-1.6189,-1.6189
-3.974489,-1.6189,-1.6189
-3.030122,-1.6189,-1.6189
-4.232177,-1.6189,-1.6189
-6.303842,-1.6189,-1.6189
-3.455765,-1.6189,-1.6189
-3.427509,-1.6189,-1.6189
-2.375795,-1.6189,-1.6189
-4.09806,-1.6189,-1.6189
-3.733977,-1.6189,-1.6189
-2.70555,-1.6189,-1.6189
-3.985611,-1.6189,-1.6189
-3.835064,-1.6189,-1.6189
-2.065702,-1.6189,-1.6189
-1.996188,-1.6189,-1.6189
-3.784245,-1.6189,-1.6189
-1.641245,-1.6189,-1.6189
-3.172946,-1.6189,-1.6189
-3.215818,-1.6189,-1.6189
-6.067306,-1.6189,-1.6189
-1.045583,-1.6189,-1.6189
-5.587688,-1.6189,-1.6189
-5.497874,-1.6189,-1.6189
-7.119512,-1.6189,-1.6189
-2.874808,-1.6189,-1.6189
-5.176344,-1.6189,-1.6189
-3.6337,-1.6189,-1.6189
-2.738081,-1.6189,-1.6189
-2.807485,-1.6189,-1.6189
-1,-1.6189,-1.6189
-2.426005,-1.6189,-1.6189
-3.775268,-1.6189,-1.6189
-1.625936,-1.6189,-1.6189
-3.332492,-1.6189,-1.6189
-7.210775,-1.6189,-1.6189
-3.550732,-1.6189,-1.6189
-1,-1.6189,-1.6189
-1,-1.6189,-1.6189
-2.024416,-1.6189,-1.6189
-2.832913,-1.6189,-1.6189
-4.726396,-1.6189,-1.6189
-2.60409,-1.6189,-1.6189
-3.961992,-1.6189,-1.6189
-6.867951,-1.6189,-1.6189
-5.43964,-1.6189,-1.6189
-6.171454,-1.6189,-1.6189
-5.049103,-1.6189,-1.6189
-7.194239,-1.6189,-1.6189
-3.96586,-1.6189,-1.6189
-6.172893,-1.6189,-1.6189
-5.306955,-1.6189,-1.6189
-3.875507,-1.6189,-1.6189
-3.925031,-1.6189,-1.6189
-7.69618,-1.6189,-1.6189
-4.48363,-1.6189,-1.6189
-5.223396,-1.6189,-1.6189
-1.704221,-1.6189,-1.6189
-2.384722,-1.6189,-1.6189
-1.877589,-1.6189,-1.6189
-8.062357,-1.6189,-1.6189
-4.273104,-1.6189,-1.6189
-2.731178,-1.6189,-1.6189
-3.635396,-1.6189,-1.6189
-3.193825,-1.6189,-1.6189
-2.332012,-1.6189,-1.6189
-2.749679,-1.6189,-1.6189
-1,-1.6189,-1.6189
-2.082402,-1.6189,-1.6189
-3.54515,-1.6189,-1.6189
-7.743568,-1.6189,-1.6189
-1,-1.6189,-1.6189
-5.63718,-1.6189,-1.6189
-3.320992,-1.6189,-1.6189
-4.087073,-1.6189,-1.6189
-5.291068,-1.6189,-1.6189
-6.417876,-1.6189,-1.6189
-1.75326,-1.6189,-1.6189
-3.405706,-1.6189,-1.6189
-5.195014,-1.6189,-1.6189
-1.579909,-1.6189,-1.6189
-4.053337,-1.6189,-1.6189
-2.865523,-1.6189,-1.6189
-1.974416,-1.6189,-1.6189
-2.871997,-1.6189,-1.6189
-2.598359,-1.6189,-1.6189
-4.712093,-1.6189,-1.6189
-4.993363,-1.6189,-1.6189
-4.525702,-1.6189,-1.6189
-2.067309,-1.6189,-1.6189
-6.076551,-1.6189,-1.6189
-5.208369,-1.6189,-1.6189
-3.045362,-1.6189,-1.6189
-1,-1.6189,-1.6189
-5.677977,-1.6189,-1.6189
-1.077756,-1.6189,-1.6189
-4.671628,-1.6189,-1.6189
-1.758841,-1.6189,-1.6189
-1.586531,-1.6189,-1.6189
-2.11027,-1.6189,-1.6189
-6.35008,-1.6189,-1.6189
-4.433463,-1.6189,-1.6189
-2.480462,-1.6189,-1.6189
-4.460363,-1.6189,-1.6189
-1.762295,-1.6189,-1.6189
-1.344073,-1.6189,-1.6189
-5.380411,-1.6189,-1.6189
-2.267541,-1.6189,-1.6189
-5.760787,-1.6189,-1.6189
-5.537894,-1.6189,-1.6189
-3.493309,-1.6189,-1.6189
-2.031611,-1.6189,-1.6189
-3.608979,-1.6189,-1.6189
-4.724267,-1.6189,-1.6189
-1.993422,-1.6189,-1.6189
-5.307114,-1.6189,-1.6189
-1,-1.6189,-1.6189
-4.588422,-1.6189,-1.6189
-2.477729,-1.6189,-1.6189
-1,-1.6189,-1.6189
-7.614886,-1.6189,-1.6189
-4.350907,-1.6189,-1.6189
-5.967747,-1.6189,-1.6189
-5.416838,-1.6189,-1.6189
-6.203125,-1.6189,-1.6189
-1.995559,-1.6189,-1.6189
-1.935898,-1.6189,-1.6189
-5.494817,-1.6189,-1.6189
-5.59073,-1.6189,-1.6189
-6.450552,-1.6189,-1.6189
-5.80031,-1.6189,-1.6189
-2.032842,-1.6189,-1.6189
-5.266747,-1.6189,-1.6189
-3.265814,-1.6189,-1.6189
-1.226771,-1.6189,-1.6189
-6.151002,-1.6189,-1.6189
-4.433087,-1.6189,-1.6189
-1.741779,-1.6189,-1.6189
-5.871939,-1.6189,-1.6189
-3.975277,-1.6189,-1.6189
-3.780321,-1.6189,-1.6189
-2.663096,-1.6189,-1.6189
-3.266466,-1.6189,-1.6189
-1.357099,-1.6189,-1.6189
-5.77804,-1.6189,-1.6189
-1.119548,-1.6189,-1.6189
-1.216285,-1.6189,-1.6189
-5.122184,-1.6189,-1.6189
-6.736983,-1.6189,-1.6189
-8.576913,-1.6189,-1.6189
-4.460559,-1.6189,-1.6189
-4.998718,-1.6189,-1.6189
-1,-1.6189,-1.6189
-3.237562,-1.6189,-1.6189
-5.595868,-1.6189,-1.6189
-2.542468,-1.6189,-1.6189
-3.371169,-1.6189,-1.6189
-2.135634,-1.6189,-1.6189
-2.842492,-1.6189,-1.6189
-6.744173,-1.6189,-1.6189
-3.223375,-1.6189,-1.6189
-1.267527,-1.6189,-1.6189
-5.268073,-1.6189,-1.6189
-5.470708,-1.6189,-1.6189
-1.530378,-1.6189,-1.6189
-5.312675,-1.6189,-1.6189
-6.696543,-1.6189,-1.6189
-5.120917,-1.6189,-1.6189
-2.301916,-1.6189,-1.6189
-4.177633,-1.6189,-1.6189
-5.54551,-1.6189,-1.6189
-3.173033,-1.6189,-1.6189
-1.359142,-1.6189,-1.6189
-6.702343,-1.6189,-1.6189
-2.510234,-1.6189,-1.6189
-7.016771,-1.6189,-1.6189
-4.519391,-1.6189,-1.6189
-5.001434,-1.6189,-1.6189
-6.01883,-1.6189,-1.6189
-2.407609,-1.6189,-1.6189
-5.155359,-1.6189,-1.6189
-1,-1.6189,-1.6189
-4.749544,-1.6189,-1.6189
-1.083254,-1.6189,-1.6189
-1,-1.6189,-1.6189
-5.965013,-1.6189,-1.6189
-1.080044,-1.6189,-1.6189
-4.437655,-1.6189,-1.6189
-5.218592,-1.6189,-1.6189
-5.053432,-1.6189,-1.6189
-3.830511,-1.6189,-1.6189
-2.673383,-1.6189,-1.6189
-5.438463,-1.6189,-1.6189
-1,-1.6189,-1.6189
-4.105729,-1.6189,-1.6189
-4.844008,-1.6189,-1.6189
-1.068479,-1.6189,-1.6189
-2.914316,-1.6189,-1.6189
-2.149681,-1.6189,-1.6189
-1.711111,-1.6189,-1.6189
-1.814884,-1.6189,-1.6189
-2.52114,-1.6189,-1.6189
-2.368253,-1.6189,-1.6189
-2.444001,-1.6189,-1.6189
-1.758676,-1.6189,-1.6189
-2.384362,-1.6189,-1.6189
-2.261684,-1.6189,-1.6189
-1,-1.6189,-1.6189
-1.696195,-1.6189,-1.6189
-7.410581,-1.6189,-1.6189
-6.755937,-1.6189,-1.6189
-2.483735,-1.6189,-1.6189
-2.846352,-1.6189,-1.6189
-4.526976,-1.6189,-1.6189
-3.86829,-1.6189,-1.6189
-3.099762,-1.6189,-1.6189
-4.007183,-1.6189,-1.6189
-4.405903,-1.6189,-1.6189
-1.018973,-1.6189,-1.6189
-3.548625,-1.6189,-1.6189
-2.344832,-1.6189,-1.6189
-2.436076,-1.6189,-1.6189
-2.114408,-1.6189,-1.6189
-2.826778,-1.6189,-1.6189
-6.960139,-1.6189,-1.6189
-1.707954,-1.6189,-1.6189
-1,-1.6189,-1.6189
-2.22196,-1.6189,-1.6189
-3.974061,-1.6189,-1.6189
-3.602648,-1.6189,-1.6189
-3.967654,-1.6189,-1.6189
-1.808134,-1.6189,-1.6189
-2.059932,-1.6189,-1.6189
-7.098766,-1.6189,-1.6189
-5.549553,-1.6189,-1.6189
-3.862254,-1.6189,-1.6189
-2.655362,-1.6189,-1.6189
-3.443681,-1.6189,-1.6189
-3.833021,-1.6189,-1.6189
-2.579608,-1.6189,-1.6189
-6.503096,-1.6189,-1.6189
-5.549559,-1.6189,-1.6189
-3.422731,-1.6189,-1.6189
-5.715813,-1.6189,-1.6189
-2.334139,-1.6189,-1.6189
-1,-1.6189,-1.6189
-4.608454,-1.6189,-1.6189
-4.898225,-1.6189,-1.6189
-5.46858,-1.6189,-1.6189
-2.776528,-1.6189,-1.6189
-1.663688,-1.6189,-1.6189
-1,-1.6189,-1.6189
-3.550972,-1.6189,-1.6189
-5.877603,-1.6189,-1.6189
-1,-1.6189,-1.6189
-2.610562,-1.6189,-1.6189
-2.633036,-1.6189,-1.6189
-2.187778,-1.6189,-1.6189
-1.706208,-1.6189,-1.6189
-7.584148,-1.6189,-1.6189
-1.784306,-1.6189,-1.6189
-4.702931,-1.6189,-1.6189
-2.872051,-1.6189,-1.6189
-2.090531,-1.6189,-1.6189
-4.262278,-1.6189,-1.6189
-4.959589,-1.6189,-1.6189
-5.335758,-1.6189,-1.6189
-3.63169,-1.6189,-1.6189
-4.047326,-1.6189,-1.6189
-6.814974,-1.6189,-1.6189
-5.61329,-1.6189,-1.6189
-2.673882,-1.6189,-1.6189
-3.900127,-1.6189,-1.6189
-1.708997,-1.6189,-1.6189
-1.985073,-1.6189,-1.6189
-2.837304,-1.6189,-1.6189
-8.344418,-1.6189,-1.6189
-6.809031,-1.6189,-1.6189
-4.223602,-1.6189,-1.6189
-5.358033,-1.6189,-1.6189
-2.61387,-1.6189,-1.6189
-3.215753,-1.6189,-1.6189
-2.302967,-1.6189,-1.6189
-2.125604,-1.6189,-1.6189
-2.199173,-1.6189,-1.6189
-3.146193,-1.6189,-1.6189
-1.349233,-1.6189,-1.6189
-3.018233,-1.6189,-1.6189
-2.98089,-1.6189,-1.6189
-2.711105,-1.6189,-1.6189
-1.472721,-1.6189,-1.6189
-1.426823,-1.6189,-1.6189
-1,-1.6189,-1.6189
-3.635278,-1.6189,-1.6189
-7.460033,-1.6189,-1.6189
-6.71821,-1.6189,-1.6189
-1,-1.6189,-1.6189
-2.998537,-1.6189,-1.6189
-2.995789,-1.6189,-1.6189
-5.522536,-1.6189,-1.6189
-5.980762,-1.6189,-1.6189
-4.452387,-1.6189,-1.6189
-5.206583,-1.6189,-1.6189
-3.830133,-1.6189,-1.6189
-6.646063,-1.6189,-1.6189
-6.040609,-1.6189,-1.6189
-5.589292,-1.6189,-1.6189
-1.003433,-1.6189,-1.6189
-4.739641,-1.6189,-1.6189
-3.133181,-1.6189,-1.6189
-4.440535,-1.6189,-1.6189
-3.572116,-1.6189,-1.6189
-5.741824,-1.6189,-1.6189
-7.925277,-1.6189,-1.6189
-5.684385,-1.6189,-1.6189
-3.304742,-1.6189,-1.6189
-4.756929,-1.6189,-1.6189
-3.215705,-1.6189,-1.6189
-2.035081,-1.6189,-1.6189
-6.337945,-1.6189,-1.6189
-3.107932,-1.6189,-1.6189
-3.484419,-1.6189,-1.6189
-5.384573,-1.6189,-1.6189
-6.918508,-1.6189,-1.6189
-3.64947,-1.6189,-1.6189
-6.489603,-1.6189,-1.6189
-4.984446,-1.6189,-1.6189
-3.662543,-1.6189,-1.6189
-2.45084,-1.6189,-1.6189
-4.236094,-1.6189,-1.6189
-5.829133,-1.6189,-1.6189
-2.402107,-1.6189,-1.6189
