-1.3913144,,
-1.2599478,,
-4.8155903,,
-3.1064043,,
-4.9026153,,
-2.3830029,,
-1.0365017,,
-1.6624859,,
-1.6704781,,
-2.9431207,,
-2.3461804,,
-1.876124,,
-3.2040349,,
-1.0612402,,
-1,,
-1.2029277,,
-1.7949099,,
-3.8135419,,
-1,,
-1,,
-1.1879126,,
-1,,
-1.3748101,,
-1.5315607,,
-3.6227937,,
-2.0985603,,
-1,,
-1.3914914,,
-3.0972135,,
-1,,
-3.773047,,
-1.99121,,
-2.1878858,,
-1,,
-1,,
-3.6249711,,
-1,,
-2.8091096,,
-1,,
-1.5907783,,
-2.3591301,,
-1.9635872,,
-3.5562107,,
-2.0277966,,
-1,,
-1,,
-2.535003,,
-1.1683916,,
-2.355437,,
-3.1936559,,
-3.2530276,,
-2.8112786,,
-3.9304026,,
-1.4515121,,
-1.8127683,,
-3.8069355,,
-1,,
-2.7702431,,
-1,,
-2.5328223,,
-3.3134745,,
-1.3165868,,
-2.4302251,,
-1.1397307,,
-1,,
-3.4358174,,
-3.0183994,,
-1,,
-1,,
-1.7947205,,
-1.179238,,
-1.9258819,,
-1,,
-1.453642,,
-1.6676844,,
-3.2939328,,
-1.9376241,,
-5.270138,,
-2.0940914,,
-1,,
-3.7356471,,
-1.8079443,,
-1.8749828,,
-2.6816132,,
-6.848397,,
-1.138884,,
-1.2525131,,
-1,,
-2.0431305,,
-2.1861007,,
-2.3552989,,
-1.2298841,,
-1.8211266,,
-1.1554596,,
-2.0471921,,
-1.468117,,
-1.9495523,,
-1,,
-1.0952222,,
-1,,
-1,,
-1.7829002,,
-2.9561287,,
-2.9410582,,
-1,,
-2.4217649,,
-1.1156796,,
-3.8827963,,
-1.4951964,,
-1.4891439,,
-2.9898002,,
-3.3875722,,
-1.7219118,,
-1.0482523,,
-1,,
-1.5141327,,
-1.2304913,,
-1.4341813,,
-1.9615141,,
-1,,
-1.6887848,,
-4.1509812,,
-2.0442296,,
-1,,
-1.8657183,,
-2.2789954,,
-1.5801783,,
-2.7554895,,
-1.8777766,,
-2.1249652,,
-3.016344,,
-2.6970278,,
-5.1038894,,
-2.6249715,,
-1.2431136,,
-2.7376244,,
-1.6468241,,
-3.598641,,
-1.3120263,,
-1.7426378,,
-1.8083359,,
-1.0829794,,
-1.3873704,,
-1.5527744,,
-5.3096388,,
-1,,
-2.3016035,,
-1.7241973,,
-2.3613483,,
-1.4341587,,
-1.6571378,,
-4.1793716,,
-2.9085296,,
-4.1967222,,
-2.7302659,,
-1.7319091,,
-2.6261773,,
-1,,
-2.4713733,,
-2.5303954,,
-2.2842537,,
-2.9921675,,
-1,,
-1.4606338,,
-2.7804931,,
-1.89258,,
-1.3745643,,
-1.8200216,,
-1,,
-1,,
-1.0759445,,
-1,,
-2.1443781,,
-1.3411491,,
-1,,
-1.7003286,,
-1.4966316,,
-1.4934471,,
-1.7046186,,
-1,,
-1,,
-1,,
-1,,
-1,,
-1,,
-1,,
-1,,
-3.6870316,,
-1.3816099,,
-1.7161862,,
-2.0834,,
-1.5968419,,
-1.2763698,,
-1.9561149,,
-1.0037845,,
-1,,
-3.862497,,
-1.0764307,,
-2.0092274,,
-1,,
-3.3728111,,
-1,,
-1.2832016,,
-3.8180693,,
-2.7423562,,
-2.2646505,,
-2.6504824,,
-1,,
-2.5648724,,
-2.1693272,,
-4.1894244,,
-1.5507136,,
-1,,
-3.5873981,,
-1,,
-1.5265266,,
-1,,
-1,,
-1.3617028,,
-1.6564688,,
-1.5193527,,
-4.7838753,,
-4.0259324,,
-1.9581984,,
-2.5500267,,
-1,,
-5.1332826,,
-4.1402504,,
-3.3136394,,
-1.7740959,,
-1.5311115,,
-1.4234084,,
-1.7320419,,
-1.5686986,,
-2.4434455,,
-1,,
-1.5573801,,
-1,,
-1.200415,,
-1,,
-3.5669985,,
-1,,
-1.6461937,,
-1,,
-1.5374141,,
-3.1728832,,
-1.4627566,,
-1.3918862,,
-1.8819335,,
-3.6493399,,
-1,,
-4.1369515,,
-1.3632526,,
-1.7045361,,
-1,,
-1.2834037,,
-1.9599329,,
-3.4584553,,
-2.7985836,,
-1,,
-1.6780781,,
-2.596222,,
-1,,
-1.7606999,,
-1.4998713,,
-1.9826494,,
-1.3267749,,
-3.2376644,,
-1.5284514,,
-4.3356451,,
-1.7857605,,
-1.2682066,,
-4.0315374,,
-1.0487556,,
-1,,
-1,,
-1,,
-2.4821536,,
-2.2632086,,
-1.1735069,,
-1.7914846,,
-1.0199148,,
-1.1444274,,
-1,,
-1.6919436,,
-2.7614939,,
-3.4231806,,
-1.3533114,,
-1.4376906,,
-1.8216832,,
-4.204623,,
-1.7569524,,
-1,,
-1.0782226,,
-3.3588458,,
-1,,
-1.4788661,,
-1,,
-1.2849845,,
-2.843727,,
-2.0828776,,
-2.1368337,,
-1,,
-1,,
-1,,
-1,,
-1.2218241,,
-2.0121317,,
-2.1931039,,
-3.1959196,,
-1,,
-3.0527778,,
-1.4308876,,
-2.5908405,,
-4.5924323,,
-1.2672096,,
-4.650158,,
-2.2934623,,
-1,,
-1.0000398,,
-1.8331059,,
-1.2017224,,
-2.6075924,,
-2.5100972,,
-1.0969918,,
-5.0885522,,
-4.3612776,,
-1,,
-5.6157468,,
-1.2465627,,
-1,,
-2.2478647,,
-1.4935521,,
-2.7574228,,
-3.1727445,,
-1,,
-2.3231476,,
-3.829571,,
-1.364004,,
-1.2904441,,
-3.0064558,,
-1,,
-1.1206474,,
-1,,
-2.0263181,,
-1,,
-2.072561,,
-2.072454,,
-2.4577652,,
-4.0116575,,
-1.0985131,,
-1,,
-1,,
-1.9678489,,
-1,,
-2.2350246,,
-1.6583438,,
-2.4106761,,
-2.5132494,,
-3.5611788,,
-2.9033336,,
-1,,
-1.1010823,,
-1,,
-1.1745,,
-1,,
-1.7686964,,
-1,,
-1.5456107,,
-2.8687428,,
-1,,
-3.0629102,,
-1.0594621,,
-5.9025722,,
-1,,
-2.1949842,,
-1,,
-1.5415311,,
-1.1881733,,
-1.7626048,,
-2.4831347,,
-2.464195,,
-1,,
-1.0975385,,
-1.7033689,,
-1.8657139,,
-2.6684959,,
-1,,
-1.4861971,,
-1,,
-1,,
-2.78034,,
-2.9577481,,
-1,,
-1,,
-1.6572449,,
-4.4245247,,
-1,,
-1,,
-1.5334549,,
-2.4454238,,
-1,,
-6.3433851,,
-3.3602217,,
-1,,
-1,,
-2.2982182,,
-1,,
-1.6512989,,
-1,,
-1,,
-1,,
-4.3427135,,
-3.3550506,,
-1,,
-1,,
-2.6620621,,
-1.503021,,
-1.2451604,,
-2.5614964,,
-1.4802169,,
-1.5165435,,
-1.5187731,,
-1,,
-2.0773254,,
-1.2204348,,
-4.0681107,,
-2.6194331,,
-3.4143743,,
-1,,
-2.1581276,,
-1,,
-1.5133446,,
-2.7343324,,
-3.180027,,
-1.2967451,,
-2.2523854,,
-3.3124866,,
-1.4291662,,
-1,,
-1,,
-3.7112847,,
-1.6365855,,
-1.6854691,,
-1.5230622,,
-2.8876391,,
-3.5851697,,
-1,,
-1,,
-1,,
-1.0424319,,
-3.206702,,
-1.6908826,,
-1.5423718,,
-1,,
-1,,
-1.2971054,,
-2.5998146,,
-1.8249137,,
-2.2573891,,
-1.4109683,,
-1.6746565,,
-1,,
-1.1954071,,
-1,,
-2.4741052,,
-1,,
-1,,
-1.0055542,,
-1,,
-3.2783542,,
-1.3086619,,
-1,,
-1.3596646,,
-1,,
-6.3934941,,
-1.1259772,,
-3.635984,,
-3.1505785,,
-2.6672675,,
-2.0180747,,
-2.9990761,,
-1.6803169,,
-1,,
-1,,
-1,,
-1,,
-1.9880544,,
-1.715984,,
-1,,
-1.0362244,,
-3.778303,,
-7.7361195,,
-1.4463358,,
-2.5418973,,
-1,,
-1,,
-2.7494613,,
-1.0524669,,
-2.0753362,,
-1,,
-1,,
-2.3797275,,
-1.4786013,,
-3.7423597,,
-2.1972939,,
-3.8386265,,
-1,,
-1,,
-1.3853132,,
-1.2640055,,
-1.4998201,,
-1.4205782,,
-1.1026804,,
-4.3075237,,
-1.158955,,
-1,,
-1.3251694,,
-1.2617308,,
-1.0996957,,
-2.6143058,,
-1,,
-1.8896005,,
-3.0666792,,
-1.4113348,,
-2.9164108,,
-1.8392217,,
-1,,
-3.3037497,,
-1.5725769,,
-3.8346334,,
-1,,
-2.4458744,,
-1,,
-1.6743852,,
-1,,
-1.1600919,,
-2.1217306,,
-3.456649,,
-2.0986676,,
-1.0963128,,
-1.2961218,,
-1.6084047,,
-1.1251011,,
-2.0535236,,
-2.4699177,,
-1.1737457,,
-1,,
-1,,
-2.2738133,,
-2.277213,,
-1.6322235,,
-2.0978055,,
-2.0061777,,
-1,,
-1,,
-1,,
-1.1333042,,
-2.5135513,,
-1.763153,,
-1,,
-3.5104171,,
-2.0636883,,
-1.1589552,,
-1.4465669,,
-1.8860374,,
-1,,
-1,,
-2.9261281,,
-2.1397855,,
-3.5336812,,
-3.5875763,,
-2.3144411,,
-3.2789242,,
-1,,
-1,,
-3.405573,,
-1,,
-1.3651443,,
-3.3862588,,
-3.9097323,,
-2.2103135,,
-1,,
-1.2838461,,
-1,,
-1.1895905,,
-3.7596231,,
-1.8104385,,
-1,,
-3.7042225,,
-1,,
-3.0288119,,
-1,,
-1,,
-4.516965,,
-1,,
-2.3393097,,
-1,,
-1.6482863,,
-2.4763506,,
-1.0950905,,
-1,,
-1.5269088,,
-2.456304,,
-1,,
-2.1925786,,
-2.6508112,,
-2.0256381,,
-1,,
-1,,
-2.3825271,,
-1.2260824,,
-2.3665601,,
-2.1202379,,
-1,,
-1,,
-2.7892333,,
-3.3185183,,
-1.7668485,,
-3.1280884,,
-2.0949589,,
-4.1557904,,
-5.212603,,
-2.2071938,,
-1.8896404,,
-1.9063188,,
-1.0405153,,
-3.1618273,,
-1.761191,,
-1.1100282,,
-1,,
-1.7422021,,
-2.142029,,
-1.0825078,,
-1.2439364,,
-1,,
-1,,
-1,,
-1,,
-1.9520673,,
-3.5667553,,
-1,,
-2.5991449,,
-1,,
-1,,
-2.3309859,,
-1.4077037,,
-1.0608609,,
-2.2170639,,
-4.5958352,,
-3.0570982,,
-3.3188635,,
-1,,
-1.5277101,,
-1,,
-1.960583,,
-1.3398444,,
-1,,
-1,,
-1.2469591,,
-2.9747568,,
-3.1798216,,
-2.5230114,,
-3.8451927,,
-1,,
-1.7789436,,
-2.2129434,,
-3.0792354,,
-1,,
-1.3920226,,
-1,,
-1.1997298,,
-1.4875358,,
-1,,
-1,,
-1,,
-1,,
-3.4147505,,
-2.9602602,,
-1,,
-1,,
-2.3627514,,
-2.8576105,,
-2.2180319,,
-1,,
-2.3738346,,
-1.8349244,,
-1,,
-1.6535511,,
-2.8888669,,
-1,,
-1,,
-1.9820557,,
-1,,
-1.9984669,,
-1,,
-1.7858393,,
-5.6023104,,
-1.12302,,
-1.3401333,,
-4.8896407,,
-1,,
-1.8547004,,
-2.6352702,,
-1,,
-1.6799923,,
-1,,
-2.2996056,,
-1,,
-1.6755014,,
-5.920704,,
-1,,
-3.5805745,,
-1,,
-1.3339366,,
-1.2190181,,
-1,,
-1.1543422,,
-1,,
-3.7512643,,
-1,,
-1.2321823,,
-2.0486271,,
-1.9756659,,
-4.1004406,,
-1,,
-2.8850326,,
-2.6555886,,
-1.4275574,,
-1,,
-1.661637,,
-1,,
-1.4550033,,
-1,,
-2.5339309,,
-1,,
-1.3949824,,
-1.2369971,,
-1,,
-1,,
-1.6856929,,
-4.0874021,,
-1,,
-1.1646456,,
-1,,
-1.4862125,,
-1.1905685,,
-1.1387895,,
-1.0348493,,
-2.7914583,,
-1,,
-2.3437562,,
-1,,
-3.7329008,,
-1,,
-2.3274717,,
-1,,
-1.4950133,,
-1.230848,,
-2.0966087,,
-1.1683092,,
-4.435356,,
-3.3183847,,
-1.9639159,,
-2.0104221,,
-1,,
-2.298234,,
-1.1008124,,
-1.1828938,,
-3.1813791,,
-1.6640224,,
-1.8038511,,
-1.4269481,,
-1.4555416,,
-5.4218844,,
-2.2561035,,
-3.2764953,,
-2.9588836,,
-1,,
-2.2136367,,
-1.8409013,,
-1,,
-1.5106244,,
-1.1626109,,
-1.756497,,
-5.0990655,,
-1.4415025,,
-1.3633722,,
-1,,
-1,,
-1.3030282,,
-1.1798868,,
-1,,
-1,,
-2.2104887,,
-1.5967411,,
-3.3128758,,
-1.3239867,,
-1,,
-2.5574351,,
-1,,
-2.6127799,,
-1,,
-1,,
-2.5054951,,
-3.2402318,,
-1.7202427,,
-3.7448865,,
-1.0062462,,
-3.2634241,,
-1,,
-2.2427645,,
-1,,
-5.1421601,,
-1,,
-2.4758058,,
-1.0522322,,
-1,,
-1.3278612,,
-1,,
-1,,
-2.3968988,,
-1,,
-5.3571144,,
-3.132343,,
-1,,
-1,,
-1,,
-1.127261,,
-1.1033202,,
-1,,
-1.8620645,,
-1,,
-1,,
-1.8630513,,
-1.3514176,,
-1.8079066,,
-1.4513273,,
-1.2886533,,
-1.9862993,,
-2.455564,,
-3.3430117,,
-1,,
-1.5880068,,
-1,,
-1.4556231,,
-1.2523453,,
-1,,
-1.2860882,,
-1.1313977,,
-3.5690977,,
-1,,
-3.8250894,,
-1.141237,,
-2.4444213,,
-1.5569344,,
-1.9845464,,
-1,,
-1.282925,,
-2.6559858,,
-3.1239115,,
-6.1269797,,
-2.2985936,,
-4.2349084,,
-2.267681,,
-1.6395349,,
-5.0164954,,
-1,,
-1.6331698,,
-1.6666533,,
-3.0591893,,
-1.134408,,
-1,,
-1,,
-1.7192281,,
-1.0256978,,
-2.0158749,,
-1,,
-2.3300496,,
-1,,
-2.9373173,,
-1,,
-2.5379297,,
-3.75385,,
-1,,
-1,,
-1.2635229,,
-1.0137512,,
-2.295657,,
-1,,
-1.3981268,,
-1.9624671,,
-2.0275293,,
-2.4416932,,
-1.1175503,,
-2.8080446,,
-1.0608649,,
-1,,
-1,,
-1,,
-1,,
-2.2793323,,
-2.2433463,,
-2.3640489,,
-1,,
-1.5079888,,
-1,,
-1,,
-1.0371855,,
-3.4084923,,
-1.6756041,,
-1,,
-1,,
-1.3559079,,
-2.8422761,,
-1,,
-2.2822265,,
-1.4196172,,
-1.05174,,
-1,,
-3.9673831,,
-3.8075872,,
-2.9479468,,
-1.3363581,,
-3.1745505,,
-2.3842705,,
-1.4320646,,
-1.9248992,,
-1.0270331,,
-1.9677957,,
-1,,
-1,,
-1.0135337,,
-2.1611456,,
-1.1686033,,
-2.9345677,,
-1.4620933,,
-1,,
-1,,
-3.3553872,,
-4.2567259,,
-1,,
-1.6302551,,
-3.4640076,,
-3.0114977,,
-1.3474808,,
-1.0032202,,
-4.2541039,,
-3.009818,,
-2.2643674,,
-2.3005542,,
-4.2310849,,
-2.2978755,,
-1,,
-1.1477415,,
-3.1591924,,
-1.7242248,,
-2.1344508,,
-4.1269209,,
-1.6092462,,
-1,,
-1.5486654,,
-1.9443491,,
-1.5678603,,
-1.5584548,,
-2.2954722,,
-1,,
-1.5587699,,
-1,,
-1.5265244,,
-1,,
-1,,
-1.8491049,,
-1,,
-3.3803634,,
-4.0221936,,
-2.554337,,
-1,,
-1,,
-1.7517148,,
-1,,
-1.3805887,,
-3.1503478,,
-1.601549,,
-1,,
-1.5441233,,
-1,,
-1,,
-1,,
-1,,
-3.5870086,,
-3.5170181,,
-2.2771183,,
-3.6661719,,
-1.9649331,,
-1.994179,,
-2.635448,,
-1.5519166,,
-1.6792693,,
-1.1989759,,
