0.5769102826958382169,0.1525797637103085413,0.2321033815568221137
0.2842976592427886584,0.6425899504796176442,0.3554493968587952302
0.1387920580613738741,0.2048302858100748414,0.4124472215843830725
0.6735398250557517175,0.1482271428127520940,0.2655273585581793827
0.2347045614648682055,0.6498640684050263072,0.3094707785915939424
0.0917556134793801742,0.2019087887822224592,0.4250018628502267304
0.6167658627551172446,0.1167671340612498471,0.2118182797968035935
0.2593852561714153349,0.7298068919122721043,0.3639360539824543772
0.1238488810734663520,0.1534259740264783123,0.4242456662207420570
0.6685279053625245993,0.2506990168597156843,0.3674386683237519935
0.2476320806767678961,0.5379176713520930075,0.3308938041629425064
0.0838400139607070605,0.2113833117881920853,0.3016675275133059442
0.6489489399703954886,0.2275745150442538833,0.3000750018228757754
0.2983079230116315039,0.5951724833824868499,0.3689917095722034523
0.0527431370179730005,0.1772530015732600994,0.3309332886049199396
0.6479264152752827188,0.1962114122653674519,0.3458674338643169532
0.2757073980904612975,0.6137413904442530210,0.3908960612744087348
0.0763661866342552204,0.1900471972903800821,0.2632365048612738678
0.7017591729135757017,0.1313063738423461413,0.2411305766854921484
0.2428561326807259779,0.6914053070308989746,0.3318454630494612756
0.0553846944056985147,0.1772883191267540237,0.4270239602650464650
0.8141925180994792344,0.3840894559254191543,0.5972907639299048776
0.1375017830613716463,0.5312464736251952813,0.2225774130863424627
0.0483056988391498618,0.0846640704493859531,0.1801318229837524931
0.6564214371229413203,0.1661573158837761077,0.3849252816317468295
0.2762812590999638163,0.7302684870425862895,0.3761434295086148460
0.0672973037770941002,0.1035741970736379636,0.2389312888596377138
0.7262201203422328222,0.2047687476559677533,0.2516695466059579167
0.2150173874619429604,0.6398987615868715340,0.3553739860839915665
0.0587624921958251958,0.1553324907571614066,0.3929564673100512939
0.6145541589502594437,0.1066121985488059087,0.2551023248344178040
0.2694909588151078728,0.7123003345674724374,0.3634140314880535683
0.1159548822346323366,0.1810874668837218759,0.3814836436775289052
0.6408705771023822662,0.1516474378470091811,0.2732569909195685098
0.2653840297080277688,0.7012803418256002841,0.4623424972821972845
0.0937453931895903259,0.1470722203273914785,0.2644005117982336506
0.7009919375394053631,0.2009443069631569323,0.2713801153543849431
0.1905877292996764061,0.6130441854112228528,0.2972143673595669666
0.1084203331609187582,0.1860115076256192712,0.4314055172860485343
0.6913400311840165458,0.1915050585329469146,0.3651699988481205694
0.2488266463952613639,0.6642873210380378923,0.3865576864619629793
0.0598333224207217643,0.1442076204290153874,0.2482723146899163680
0.6326799214393040716,0.1945667681134726490,0.3349346507988961164
0.2554625148983931116,0.5912768855081936836,0.3860328783242139017
0.1118575636623034969,0.2141563463783337506,0.2790324708768898709
0.6333003490147570691,0.1367085861138310765,0.2605555630409371881
0.2536389021804089650,0.6908710171194273331,0.3311118681320747159
0.1130607488048339937,0.1724203967667418680,0.4083325688269872078
0.6526561883756806237,0.1392155959772642948,0.2494987175708321125
0.2454675054064399398,0.6211502780583655348,0.2827812354138021234
0.1018763062178797418,0.2396341259643713084,0.4677200470153654033
0.5402945199906854512,0.1947462763774739092,0.2771254205168021678
0.4140897268871824854,0.6666406995481218845,0.4707620630032895437
0.0456157531221321813,0.1386130240744038455,0.2521125164799078999
0.5094829576420411010,0.2010262879866893393,0.3109824957822061031
0.4067234774080148441,0.6127472237472630923,0.4574215179697219691
0.0837935649499438329,0.1862264882660467080,0.2315959862480710396
0.7739849662976648892,0.2669356861798886649,0.3525469102800581900
0.1629615397171179925,0.5582411405330812704,0.4017623383320290120
0.0630534939852172155,0.1748231732870293431,0.2456907513879121596
0.7355259165761826035,0.4343431272980847746,0.5604504794934616063
0.2174244632226345897,0.4380293011165186656,0.2827320158680373119
0.0470496202011834244,0.1276275715853962545,0.1568175046385003324
0.6980938982544993010,0.4129508358499439091,0.5039625241818536105
0.2503917826822407711,0.4749510875887969497,0.2747008491621171222
0.0515143190632585471,0.1120980765612594882,0.2213366266560293505
0.3341065871781698782,0.0688439749613738994,0.2922717196934420669
0.4103067489141144497,0.6593700996808699033,0.3950747326552194738
0.2555866639077150615,0.2717859253577563083,0.3126535476513386813
0.6364181804612910609,0.2115881864632847276,0.2080027790390273357
0.2670615650390573692,0.6497814842997682305,0.3566674958544981400
0.0965202544996518336,0.1386303292369479856,0.4353297251064759399
0.7423682831425110207,0.2282295478441612735,0.4436215780713673729
0.2009084138409738263,0.6250807020200931374,0.3890469666234747104
0.0567233030165151184,0.1466897501357449507,0.1673314553051581666
0.8042321974728252609,0.2759510753608385714,0.5486372698954192773
0.1459323408620718521,0.5397276279290312839,0.2593757729621285479
0.0498354616651024360,0.1843212967101301447,0.1919869571424524246
0.6885790965437985633,0.2601030966352062546,0.3175292200997116843
0.2649146196469623349,0.6236202941798251187,0.2602245025404760770
0.0465062838092384981,0.1162766091849686545,0.4222462773598114061
0.6593699859821410270,0.0259955545114501571,0.1380395981503534930
0.1857502963450512745,0.8361403630237234097,0.4912007124778970391
0.1548797176728083091,0.1378640824648262875,0.3707596893717500230
0.6451399340313085373,0.1361652322895236800,0.2626840725536366827
0.2615366647780566489,0.7128416457507079640,0.2570602542751844743
0.0933234011906352995,0.1509931219597675789,0.4802556731711788429
0.7612989089593967806,0.3788375476631530847,0.4291592465845454063
0.1729331666920710386,0.3511611477649322355,0.3462346290468372167
0.0657679243485326664,0.2700013045719133475,0.2246061243686175990
0.6317895249260334634,0.1135963739426454483,0.1732663958196909437
0.2907641309655541462,0.7502978297676455854,0.5742408757738991509
0.0774463441084129733,0.1361057962897096463,0.2524927284064104049
0.6889172465678788937,0.1617072622818514216,0.2757816288718119568
0.2158474938421956757,0.6609331620316359901,0.3574206714287328501
0.0952352595899252502,0.1773595756865126716,0.3667976996994544714
0.6066086741056534448,0.2125632797730698520,0.2305934048501008526
0.2920436180211290478,0.6384126187513812223,0.4041626979883259918
0.1013477078732183262,0.1490241014755498139,0.3652438971615734054
0.6772921097463469042,0.2714373549817192255,0.3853206041749675514
0.2465876544265957482,0.5419388207590831730,0.2860570060735092013
0.0761202358270564039,0.1866238242591970742,0.3286223897515233028
0.7045330546291773688,0.1969863042006964327,0.2468794253421434104
0.2138424005200051659,0.6375482935327239087,0.2798280676839870473
0.0816245448508174792,0.1654654022665804358,0.4732925069738697643
0.5827729278815352298,0.2858058030415158712,0.4140428073484940241
0.2960362964072585368,0.4846382213815683127,0.3286894845633630546
0.1211907757112067469,0.2295559755769160104,0.2572677080881421996
0.7088732778431562354,0.2924079568126018991,0.4494311764799724940
0.1951565171111801777,0.5787736904789932968,0.2289237403257866066
0.0959702050456643502,0.1288183527084046098,0.3216450831942413990
0.5817832769459849729,0.3144153060928082666,0.3876474623274981934
0.2710647462252142037,0.3540240287520094453,0.3034701176420535051
0.1471519768288001573,0.3315606651551826212,0.3088824200304479128
0.8165202121227789211,0.2069489784321307535,0.2685361433570782053
0.1394487193295707583,0.6036609327231704514,0.2458475086802850984
0.0440310685476510352,0.1893900888446982955,0.4856163479626368074
0.6768733611194467370,0.1969002545466168597,0.3178229598504861975
0.2147281673497906662,0.6092005525614400119,0.3104792138059213058
0.1083984715307637070,0.1938991928919422680,0.3716978263435933849
0.5885582256335764040,0.1671835606508400851,0.2443784648119690928
0.3097583208580841352,0.6102325272868301953,0.5354715041256465913
0.1016834535083391694,0.2225839120623293033,0.2201500310623847600
0.6922434053953780975,0.2545590923857621868,0.3574538846618593446
0.2666627230022881601,0.6603545903840101206,0.3560812061275790974
0.0410938716023328127,0.0850863172302274012,0.2864649092105615025
0.8650034055334997474,0.2889768434316852264,0.5829999659081375185
0.0885918384015821209,0.5312179775748013810,0.2565479949321502473
0.0464047560649187354,0.1798051789935140032,0.1604520391597122342
0.6950917630660066182,0.1471125928496339330,0.3058913458125575580
0.2395405608726596525,0.6406118103981759404,0.4932333552666073317
0.0653676760613349367,0.2122755967521909315,0.2008752989208353046
