-1.5719907090814e+03
1.5779870505555e+04
2.6217747563839e+04
-2.8880243352116e+03
-4.5539575588419e+04
1.9729639420619e+04
8.7922981685409e+04
5.9178642491040e+05
-1.6312650627655e+03
1.8651836736637e+04
3.8985999915236e+05
2.8236266691783e+04
6.0898539929744e+03
4.8088702371751e+02
2.7501077843743e+03
-1.8284043885240e+04
-1.8026297741661e+04
-1.6430380326516e+04
2.2573480578450e+02
1.0917229905800e+04
8.4295555380061e+03
2.0076975721597e+03
5.6230675821856e+04
6.5992670769673e+04
-7.6634521179872e+04
1.3110876419305e+05
4.7264195568747e+03
1.5956987053828e+04
-8.0965322552841e+02
8.4646668092152e+03
-2.0340927059198e+02
1.2244087177403e+05
6.5092138848005e+04
1.8752127628627e+04
-6.8323077386348e+03
4.1703720948859e+02
-1.2820496132807e+06
1.1522235644157e+05
6.8226525016664e+03
3.6623061916221e+03
3.0460964646561e+04
1.8616126026251e+04
7.5806984684882e+04
-4.7795850110242e+05
