1.3721224126974e+06
4.0383286354858e+05
4.9896641448335e+05
5.1264509521748e+04
2.2404000800716e+06
1.6901184978963e+06
6.9554452568942e+05
1.0120355769715e+07
2.1795821620503e+04
1.9583704474796e+05
3.5993476013196e+06
3.1475125274797e+05
1.2932834775336e+06
2.4619784769380e+04
2.4584431297478e+05
2.6365525300258e+06
2.7888313783208e+06
2.1562659238863e+05
5.1070548902247e+04
1.2313631793223e+05
8.6704384712938e+05
2.0787521835767e+06
2.3496555570592e+05
1.9837649280374e+06
4.4676369960060e+06
1.3360747427614e+06
4.5607040160319e+04
6.0806114292987e+04
2.8683780716065e+04
1.2106134220372e+06
9.7642121432574e+03
8.2489781344992e+05
4.7567386131369e+05
5.0841716418167e+05
2.1448911929615e+05
1.8527076867816e+05
9.8680783014807e+06
1.6823941978112e+06
9.6433444694676e+04
4.4412564754403e+04
5.2893594607947e+05
7.4132005831463e+05
5.1857510845986e+05
1.7335111896711e+07
